# Created by Octave 3.2.4, Sun Oct 28 00:59:55 2012 IST <mohit@mohit-N4050>
# name: s11
# type: matrix
# rows: 1000
# columns: 1
 12
 16
 12
 19
 15
 13
 18
 9
 18
 18
 22
 12
 15
 15
 10
 17
 20
 11
 20
 13
 13
 17
 15
 18
 15
 16
 12
 11
 8
 11
 13
 14
 12
 19
 14
 11
 13
 14
 16
 18
 10
 11
 19
 13
 8
 20
 9
 18
 17
 21
 19
 12
 9
 13
 16
 18
 22
 11
 19
 22
 13
 18
 16
 21
 15
 18
 16
 20
 20
 22
 15
 13
 17
 16
 16
 12
 16
 15
 19
 14
 17
 17
 15
 13
 22
 18
 14
 15
 13
 11
 8
 13
 16
 16
 20
 16
 17
 14
 15
 19
 12
 16
 10
 15
 20
 18
 12
 12
 14
 10
 13
 11
 17
 14
 16
 14
 16
 13
 19
 24
 21
 18
 16
 18
 8
 16
 15
 13
 19
 12
 24
 17
 16
 12
 11
 16
 16
 13
 17
 15
 15
 20
 10
 14
 18
 12
 18
 19
 13
 12
 13
 14
 13
 14
 11
 16
 15
 13
 15
 17
 14
 15
 10
 10
 19
 18
 17
 23
 13
 17
 12
 10
 16
 10
 18
 12
 11
 18
 12
 18
 17
 16
 14
 20
 12
 14
 15
 15
 15
 14
 8
 9
 15
 19
 12
 14
 13
 17
 15
 17
 18
 19
 15
 13
 10
 18
 15
 17
 17
 14
 21
 19
 18
 10
 15
 15
 9
 12
 14
 11
 16
 9
 15
 16
 15
 13
 11
 13
 9
 15
 16
 15
 24
 12
 23
 11
 7
 13
 15
 10
 18
 16
 18
 12
 14
 11
 13
 20
 12
 18
 16
 22
 15
 18
 15
 8
 14
 16
 14
 16
 14
 21
 21
 26
 16
 18
 12
 16
 15
 14
 14
 18
 18
 15
 15
 17
 13
 20
 16
 12
 15
 13
 17
 13
 21
 16
 13
 14
 16
 17
 12
 9
 18
 17
 20
 15
 11
 21
 17
 16
 16
 12
 19
 20
 16
 9
 11
 14
 20
 13
 20
 12
 14
 20
 16
 15
 14
 13
 13
 10
 16
 12
 19
 13
 16
 24
 11
 11
 11
 11
 14
 15
 22
 11
 13
 19
 13
 14
 11
 14
 19
 10
 14
 11
 20
 15
 17
 19
 12
 17
 22
 16
 16
 14
 18
 9
 11
 13
 14
 17
 13
 11
 19
 18
 18
 15
 15
 17
 15
 17
 14
 13
 18
 12
 17
 14
 17
 12
 18
 16
 16
 17
 15
 10
 11
 13
 18
 22
 12
 17
 7
 19
 15
 21
 15
 14
 17
 18
 18
 15
 15
 15
 21
 10
 13
 15
 17
 14
 15
 12
 13
 15
 15
 13
 10
 11
 16
 19
 18
 12
 15
 16
 11
 12
 14
 18
 15
 14
 19
 16
 15
 16
 15
 18
 19
 16
 13
 16
 19
 9
 15
 17
 11
 13
 14
 14
 16
 15
 13
 16
 19
 15
 18
 16
 20
 15
 13
 17
 15
 11
 17
 21
 14
 12
 13
 13
 20
 19
 20
 17
 17
 19
 18
 14
 15
 13
 16
 22
 12
 23
 13
 12
 9
 17
 14
 14
 13
 10
 12
 15
 18
 20
 16
 16
 11
 17
 10
 15
 18
 12
 19
 19
 15
 13
 18
 15
 16
 9
 19
 15
 13
 12
 16
 12
 13
 19
 15
 14
 19
 15
 11
 11
 13
 16
 16
 20
 12
 18
 16
 19
 10
 17
 13
 15
 16
 22
 8
 16
 16
 22
 17
 9
 16
 15
 11
 16
 13
 12
 14
 16
 15
 9
 10
 23
 19
 20
 17
 13
 13
 17
 15
 12
 14
 15
 20
 12
 14
 14
 15
 11
 15
 13
 11
 13
 12
 9
 12
 12
 16
 17
 18
 13
 8
 12
 15
 17
 10
 18
 17
 15
 16
 13
 21
 13
 16
 16
 12
 19
 14
 20
 12
 10
 10
 13
 17
 13
 12
 18
 15
 13
 10
 13
 16
 9
 10
 16
 12
 17
 15
 14
 16
 12
 13
 17
 10
 23
 15
 16
 12
 10
 15
 18
 11
 12
 17
 12
 14
 17
 18
 10
 15
 12
 16
 20
 14
 10
 11
 17
 16
 14
 14
 20
 15
 12
 6
 9
 11
 11
 18
 15
 18
 16
 15
 11
 20
 11
 12
 14
 14
 11
 12
 23
 18
 13
 13
 13
 21
 18
 19
 16
 14
 13
 17
 20
 12
 15
 12
 18
 11
 12
 11
 15
 13
 16
 19
 14
 15
 13
 15
 17
 20
 14
 15
 7
 14
 12
 24
 15
 18
 16
 17
 16
 15
 16
 12
 8
 13
 11
 6
 15
 17
 12
 17
 15
 14
 18
 15
 14
 15
 14
 18
 12
 11
 14
 13
 16
 13
 14
 13
 15
 20
 18
 14
 11
 21
 20
 16
 20
 16
 21
 15
 17
 18
 12
 15
 11
 19
 16
 12
 18
 19
 14
 16
 18
 17
 12
 15
 16
 10
 21
 19
 19
 15
 13
 10
 11
 17
 13
 15
 18
 13
 20
 11
 9
 15
 12
 12
 17
 17
 14
 18
 13
 13
 20
 16
 14
 11
 21
 20
 15
 14
 15
 9
 17
 13
 14
 16
 16
 14
 15
 13
 18
 11
 15
 10
 12
 20
 17
 15
 16
 13
 15
 18
 14
 17
 21
 12
 12
 15
 16
 19
 12
 24
 13
 13
 16
 16
 16
 15
 15
 16
 14
 17
 18
 14
 13
 17
 14
 15
 11
 18
 16
 8
 15
 13
 12
 16
 15
 17
 10
 18
 15
 10
 18
 12
 17
 18
 17
 14
 14
 14
 12
 10
 11
 19
 19
 17
 9
 14
 13
 20
 13
 16
 12
 15
 11
 17
 19
 11
 15
 15
 13
 13
 18
 17
 19
 14
 8
 15
 20
 14
 11
 13
 18
 15
 12
 19
 15
 12
 16
 11
 16
 16
 15
 15
 16
 19
 17
 13
 19
 17
 15
 11
 8
 17
 13
 11
 18
 14
 15
 18
 18
 16
 10
 17
 20
 16
 14
 14
 17
 14
 17
 15
 15
 19
 18
 14
 23
 11
 17
 9
 14
 20
 13
 20
 15
 13
 15
 22
 15
 22
 20
 11
 11
 13
 16
 14
 15
 13
 11
 14
 14
 14
 17
 14
 21
 17
 17
 17
 20
 16
 13
 19
 9
 17
 13
 19
 20
 19
 16
 16
 11
 18
 14
 21
 10
 16
 17
 19
 22
