# Created by Octave 3.2.4, Sun Oct 28 00:59:55 2012 IST <mohit@mohit-N4050>
# name: s13
# type: matrix
# rows: 1000
# columns: 1
 13.4145835425908
 14.6362762828377
 17.6133871675129
 15.55881874185371
 9.012763119516155
 18.09698673034065
 12.8751508851615
 16.30948481173846
 16.36278731851652
 14.54542892248493
 15.68160274832551
 14.59259055556142
 19.45680977879648
 14.59441330245085
 16.39207273010673
 8.556496530643606
 14.72776982234514
 16.24363690111772
 15.42471815943737
 13.04757792037941
 15.72981893718918
 18.00361987679964
 8.11545223873437
 10.53420926587673
 12.9527280170406
 11.50625489666476
 18.85854702992208
 17.28405582146168
 14.32141181049082
 10.05645229306781
 17.97481504070812
 16.22263697246747
 17.3086739004571
 13.16878557261035
 22.39172858396043
 13.71038261909915
 13.35987783557697
 11.6646215583231
 9.56867115431287
 18.63736169296335
 12.08743425604909
 10.07071609025359
 21.61474102789736
 13.54638198658024
 18.07978996617448
 16.11879262397815
 12.85150151150094
 12.56281163464004
 9.219200820841291
 15.87496001524229
 12.74563338196828
 8.613793497806224
 24.23500531060325
 17.01861973679879
 13.80319263712786
 23.47131354861622
 15.44091063548559
 11.62752918507478
 19.78645532265654
 14.52603862903746
 12.3535511108899
 15.11956919778911
 18.68376364346663
 9.046924349130181
 16.27176602700679
 11.39802146990555
 17.81055558177307
 18.07042692800844
 17.10831797696846
 15.44693913263116
 19.60825288147688
 14.97687037052322
 15.59934934115635
 15.69861383713754
 11.49201807184951
 11.96629773859494
 14.90257645301644
 12.14184168921397
 11.90549668675456
 13.80217184534897
 15.89970912003076
 19.83523676038505
 15.85916049690909
 11.29511645381575
 15.54905941543513
 18.37746723088431
 12.5513318907013
 18.29854992068222
 16.38824701414586
 8.514354559800619
 11.49125056697432
 15.33719432825789
 12.29953330761626
 16.04646090642753
 17.26497857908709
 15.92434213640847
 13.81811778178325
 12.62142502718198
 13.6211332825592
 20.81751697004902
 14.23362759313229
 17.44673672999739
 14.28881368257444
 11.64986315256257
 14.17904679519819
 12.5695125051843
 20.40495815469921
 12.25511396911059
 12.65568411376207
 17.03137478882258
 15.21607762035379
 14.95742571824933
 15.54210747652702
 15.71002414991578
 11.83347397481268
 18.44543292234338
 13.48513606274655
 10.10168566795162
 17.0645510764258
 16.86414398072834
 11.80624429955284
 12.88272331251116
 14.20797134054125
 8.938640456329825
 12.51921639463722
 19.72726176198733
 12.27400274989197
 12.08242148188696
 17.53775479763079
 16.79115977626704
 14.00651174612744
 13.21314587814174
 16.19996466236847
 15.21316702290567
 19.03630755229813
 15.54968131976601
 14.78456765101264
 14.61215997270944
 10.31025150454998
 12.35832574928727
 12.18052912189034
 16.22437327193723
 12.25267532104145
 8.909252457860919
 19.77305026397592
 18.01855819687485
 13.75934734845242
 13.36226201226432
 13.90679390253266
 14.88054794217836
 18.86462650855355
 15.72083723616633
 16.65013811003286
 10.15606238178426
 9.464487737142607
 14.16803579891245
 10.81671844357192
 15.77308786421395
 13.55890489776269
 17.52559574544397
 16.04543737250869
 18.43632337798733
 19.81039836261759
 15.21817758884585
 13.57826519492991
 17.71820837975456
 13.45451201791879
 16.33299645326615
 18.0461340813617
 9.664844704871516
 16.41367947598671
 17.2111508460537
 14.41043622661173
 11.14935459965418
 16.1774257325968
 12.70911145843165
 17.53077589048906
 25.30201219189881
 10.29211742827395
 13.0016707872655
 14.01223455738545
 13.25803297812325
 10.72918997369505
 9.260939357109359
 16.89697359432693
 9.390049660589387
 14.63559169162725
 12.3569147221115
 15.98295887324284
 11.14433839887973
 15.07175319742415
 13.3797462634615
 11.53840585720462
 18.04736479662689
 15.85842002069289
 20.6602243610416
 16.44951111900082
 19.73148288068554
 21.79984596994982
 13.1527351455414
 13.82677131302592
 14.88262824819566
 15.69738830099545
 19.00270998393542
 13.75994783258922
 16.6287492754611
 14.26620056993756
 18.47308981283917
 13.93239644766646
 13.24839943703386
 15.81057753160951
 14.83160720339749
 17.56273238532954
 14.54237738650956
 12.07297752273333
 14.45787602512103
 16.35865603989094
 10.75097314193713
 12.19157953881428
 12.91770260113663
 23.50978109684092
 16.27016898050762
 11.25339614018534
 13.57069057019384
 20.53388770951555
 11.20790064778101
 15.64017186425177
 21.04113143735028
 21.15083508325032
 16.95505761612389
 17.46893720252475
 11.75606621086946
 13.73685515933579
 13.16943898741722
 16.32822200523821
 16.32144355181457
 13.33025831675777
 18.9780018145506
 17.26712538193189
 14.91293848581293
 12.04328198026049
 11.11027169618809
 13.61951227035807
 16.30327184177447
 20.0035451817713
 15.39743234344129
 12.46588709337689
 17.82679302860023
 16.76482858444927
 12.67866063430996
 17.2140257687967
 17.3500191203434
 15.77091932078066
 10.04964095335632
 18.42086611799613
 13.55677731744176
 16.02785628491367
 10.58489900479207
 19.01888320636942
 17.78983567745683
 16.19084709869703
 17.97437455292562
 22.10526624282155
 14.15025103258115
 18.89399535539198
 10.99369536485337
 8.803902179698859
 14.92197475780606
 11.06145721626421
 19.98834465226815
 13.50324201803521
 17.21968478904256
 12.78978169832093
 14.15745479474187
 13.17782158389868
 15.85590875169237
 14.54459353947284
 15.17214896554131
 11.83263748883658
 15.543659844297
 15.85083928781979
 15.9563879603141
 17.43305315995632
 22.52749176271181
 15.77579370834919
 17.93671924440743
 15.05397955515233
 15.80230137237035
 17.26511853709406
 15.53126651535907
 14.22552535927598
 17.34975896239177
 16.29477555693823
 14.54549108051502
 15.37671530003224
 11.01710678528359
 19.71876329050414
 15.64911658900166
 12.23968848093853
 14.0185807540617
 19.35050688438552
 20.62616158939099
 14.04102457631639
 11.19233504077436
 6.494839632670196
 13.98914338066028
 17.8810351289344
 11.05960764777699
 13.26803035850743
 15.11186683341781
 8.854338633273624
 12.72346332573445
 11.60496567214443
 16.44150412443588
 16.02899710313884
 13.87690694217166
 15.40279744445785
 9.958459621242522
 21.91107682435573
 18.1803749220745
 17.52241747402945
 21.14164121483404
 9.75638886043464
 16.13659807563709
 13.70240805140999
 14.39332284009848
 11.31639196192313
 16.92378683066062
 12.5580512425585
 18.3504323830099
 9.113177250116273
 9.717642514645371
 15.4950413529879
 13.08801220127572
 13.53133759389955
 13.02426657931415
 12.77197871241281
 15.95715066437775
 15.66062332028459
 13.40123446548149
 12.92964349017537
 14.53592680513056
 14.11584836376987
 17.90850094250204
 14.39522730498624
 8.469846465448569
 13.10772721374629
 13.19634582097611
 15.62724587894939
 14.3903204309835
 8.811449351470824
 16.72521226404268
 10.02204768299374
 11.12654249659615
 14.95392514077622
 18.60787571547246
 9.254096037588615
 20.2326324452239
 9.731443398300005
 18.73305690668483
 13.37685668238516
 10.81204854710614
 16.73164023357392
 12.60687151880275
 15.30662081699325
 13.08935884398389
 12.9085827741365
 21.34834327925181
 16.13958619164809
 16.25407575209322
 17.67423589327492
 9.454397701884051
 16.56721691214269
 18.54592704842929
 10.1350318705554
 15.40332568826235
 6.691199924819097
 22.71592637733146
 13.38303037918871
 16.82631898578241
 17.21920759519367
 16.47864184856457
 15.16018642157502
 14.62584658291277
 19.27796142943108
 17.94786440315834
 18.72797107192482
 11.30569471677396
 10.5224235291832
 12.33531099936605
 14.63358484773332
 13.2464023561105
 12.45646888922217
 16.27025988352354
 13.63291069880006
 18.30886660493017
 14.0471688014813
 8.914882925263161
 10.43290614652273
 14.96707374632766
 15.57514162023889
 14.73202358613678
 11.99524022591751
 9.387540633017394
 17.66490492823938
 12.34623760491259
 15.67701054890218
 19.81560368956017
 15.84213496938871
 17.59243569319546
 12.18248130595595
 14.75709904570127
 18.19459352924476
 9.83382968409493
 12.7362465038558
 16.37023329418446
